  0.0000000e+000,  8.8536546e-003,
  1.2500000e+002,  6.0398596e-003,
  2.5000000e+002,  1.7968769e-003,
  3.7500000e+002,  2.5098061e-004,
  5.0000000e+002,  9.8818246e-005,
  6.2500000e+002,  1.2430670e-004,
  7.5000000e+002,  2.3855696e-004,
  8.7500000e+002,  4.6248669e-004,
  1.0000000e+003,  8.3906739e-004,
  1.1250000e+003,  1.4439913e-003,
  1.2500000e+003,  2.3334183e-003,
  1.3750000e+003,  3.5695091e-003,
  1.5000000e+003,  5.2572916e-003,
  1.6250000e+003,  7.4854315e-003,
  1.7500000e+003,  1.0493251e-002,
  1.8750000e+003,  1.4287707e-002,
  2.0000000e+003,  1.8591678e-002,
  2.1250000e+003,  2.4192169e-002,
  2.2500000e+003,  3.1014402e-002,
  2.3750000e+003,  3.8178056e-002,
  2.5000000e+003,  4.5095304e-002,
  2.6250000e+003,  5.2799236e-002,
  2.7500000e+003,  6.1319097e-002,
  2.8750000e+003,  6.9077284e-002,
  3.0000000e+003,  7.5431376e-002,
  3.1250000e+003,  8.1207378e-002,
  3.2500000e+003,  8.7012354e-002,
  3.3750000e+003,  9.2980157e-002,
  3.5000000e+003,  9.7294144e-002,
  3.6250000e+003,  1.0064336e-001,
  3.7500000e+003,  1.0375621e-001,
  3.8750000e+003,  1.0740067e-001,
  4.0000000e+003,  1.0990106e-001,
  4.1250000e+003,  1.1072243e-001,
  4.2500000e+003,  1.1072243e-001,
  4.3750000e+003,  1.1177670e-001,
  4.5000000e+003,  1.1322355e-001,
  4.6250000e+003,  1.1291745e-001,
  4.7500000e+003,  1.1012447e-001,
  4.8750000e+003,  1.1042310e-001,
  5.0000000e+003,  1.1109779e-001,
  5.1250000e+003,  1.1117305e-001,
  5.2500000e+003,  1.1124837e-001,
  5.3750000e+003,  1.1215563e-001,
  5.5000000e+003,  1.1307040e-001,
  5.6250000e+003,  1.1276462e-001,
  5.7500000e+003,  1.1345372e-001,
  5.8750000e+003,  1.1383833e-001,
  6.0000000e+003,  1.1291745e-001,
  6.1250000e+003,  1.1337701e-001,
  6.2500000e+003,  1.1406975e-001,
  6.3750000e+003,  1.1253595e-001,
  6.5000000e+003,  1.1027364e-001,
  6.6250000e+003,  1.1162551e-001,
  6.7500000e+003,  1.1245976e-001,
  6.8750000e+003,  1.1042310e-001,
  7.0000000e+003,  1.0886448e-001,
  7.1250000e+003,  1.0588472e-001,
  7.2500000e+003,  1.0215333e-001,
  7.3750000e+003,  1.0249973e-001,
  7.5000000e+003,  1.0467324e-001,
  7.6250000e+003,  1.0524160e-001,
  7.7500000e+003,  1.0389675e-001,
  7.8750000e+003,  1.0256908e-001,
  8.0000000e+003,  1.0057531e-001,
  8.1250000e+003,  9.7822433e-002,
  8.2500000e+003,  9.6311226e-002,
  8.3750000e+003,  9.5144907e-002,
  8.5000000e+003,  9.4823364e-002,
  8.6250000e+003,  9.4695102e-002,
  8.7500000e+003,  9.4056304e-002,
  8.8750000e+003,  9.1916322e-002,
  9.0000000e+003,  8.8019353e-002,
  9.1250000e+003,  8.6249974e-002,
  9.2500000e+003,  8.6016800e-002,
  9.3750000e+003,  8.4687972e-002,
  9.5000000e+003,  8.2314188e-002,
  9.6250000e+003,  7.9467228e-002,
  9.7500000e+003,  7.6770707e-002,
  9.8750000e+003,  7.4770532e-002,
  1.0000000e+004,  7.3665312e-002,
  1.0125000e+004,  7.2527295e-002,
  1.0250000e+004,  6.9971427e-002,
  1.0375000e+004,  6.7141123e-002,
  1.0500000e+004,  6.4556214e-002,
  1.0625000e+004,  6.1610364e-002,
  1.0750000e+004,  5.9198283e-002,
  1.0875000e+004,  5.7773143e-002,
  1.1000000e+004,  5.5926216e-002,
  1.1125000e+004,  5.3700340e-002,
  1.1250000e+004,  5.1842987e-002,
  1.1375000e+004,  5.0389885e-002,
  1.1500000e+004,  4.8878107e-002,
  1.1625000e+004,  4.7123756e-002,
  1.1750000e+004,  4.4942944e-002,
  1.1875000e+004,  4.3008403e-002,
  1.2000000e+004,  4.1831207e-002,
  1.2125000e+004,  4.0466471e-002,
  1.2250000e+004,  3.8152210e-002,
  1.2375000e+004,  3.6165612e-002,
  1.2500000e+004,  3.4702704e-002,
  1.2625000e+004,  3.3752846e-002,
  1.2750000e+004,  3.2740206e-002,
  1.2875000e+004,  3.1522358e-002,
  1.3000000e+004,  3.0165498e-002,
  1.3125000e+004,  2.9023786e-002,
  1.3250000e+004,  2.7363903e-002,
  1.3375000e+004,  2.6221509e-002,
  1.3500000e+004,  2.5246151e-002,
  1.3625000e+004,  2.4224937e-002,
  1.3750000e+004,  2.3545928e-002,
  1.3875000e+004,  2.2854985e-002,
  1.4000000e+004,  2.2214365e-002,
  1.4125000e+004,  2.1286956e-002,
  1.4250000e+004,  1.9988215e-002,
  1.4375000e+004,  1.9218675e-002,
  1.4500000e+004,  1.8705290e-002,
  1.4625000e+004,  1.7900125e-002,
  1.4750000e+004,  1.7269331e-002,
  1.4875000e+004,  1.6672037e-002,
  1.5000000e+004,  1.6117218e-002,
  1.5125000e+004,  1.5528213e-002,
  1.5250000e+004,  1.5123643e-002,
  1.5375000e+004,  1.4610453e-002,
  1.5500000e+004,  1.4531550e-002,
  1.5625000e+004,  1.4679847e-002,
  1.5750000e+004,  1.3756249e-002,
  1.5875000e+004,  1.2648737e-002,
  1.6000000e+004,  1.1998225e-002,
  1.6125000e+004,  1.1342721e-002,
  1.6250000e+004,  1.0965248e-002,
  1.6375000e+004,  1.0500355e-002,
  1.6500000e+004,  1.0075618e-002,
  1.6625000e+004,  9.9805850e-003,
  1.6750000e+004,  9.7667206e-003,
  1.6875000e+004,  9.3399909e-003,
  1.7000000e+004,  8.9077549e-003,
  1.7125000e+004,  8.6639381e-003,
  1.7250000e+004,  8.5243224e-003,
  1.7375000e+004,  8.2072441e-003,
  1.7500000e+004,  7.9126631e-003,
  1.7625000e+004,  7.6338236e-003,
  1.7750000e+004,  7.3548450e-003,
  1.7875000e+004,  7.0860617e-003,
  1.8000000e+004,  6.8641710e-003,
  1.8125000e+004,  6.7216328e-003,
  1.8250000e+004,  6.5199758e-003,
  1.8375000e+004,  6.2308852e-003,
  1.8500000e+004,  5.9747993e-003,
  1.8625000e+004,  5.8586566e-003,
  1.8750000e+004,  5.6560236e-003,
  1.8875000e+004,  5.4640983e-003,
  1.9000000e+004,  5.3470157e-003,
  1.9125000e+004,  5.1760767e-003,
  1.9250000e+004,  4.9936713e-003,
  1.9375000e+004,  4.8307579e-003,
  1.9500000e+004,  4.6510667e-003,
  1.9625000e+004,  4.5606557e-003,
  1.9750000e+004,  4.4358247e-003,
  1.9875000e+004,  4.2448855e-003,
  2.0000000e+004,  4.1203215e-003,
  2.0125000e+004,  4.0511834e-003,
  2.0250000e+004,  3.9536552e-003,
  2.0375000e+004,  3.8169104e-003,
  2.0500000e+004,  3.6724469e-003,
  2.0625000e+004,  3.5024934e-003,
  2.0750000e+004,  3.4112398e-003,
  2.0875000e+004,  3.3313715e-003,
  2.1000000e+004,  3.2888009e-003,
  2.1125000e+004,  3.1836611e-003,
  2.1250000e+004,  3.0631650e-003,
  2.1375000e+004,  2.9995567e-003,
  2.1500000e+004,  2.8801737e-003,
  2.1625000e+004,  2.8318437e-003,
  2.1750000e+004,  2.8013384e-003,
  2.1875000e+004,  2.7191345e-003,
  2.2000000e+004,  2.6091460e-003,
  2.2125000e+004,  2.5360122e-003,
  2.2250000e+004,  2.5019115e-003,
  2.2375000e+004,  2.4219278e-003,
  2.2500000e+004,  2.3492660e-003,
  2.2625000e+004,  2.3051598e-003,
  2.2750000e+004,  2.2329767e-003,
  2.2875000e+004,  2.1777457e-003,
  2.3000000e+004,  2.1296391e-003,
  2.3125000e+004,  2.0755579e-003,
  2.3250000e+004,  2.0255909e-003,
  2.3375000e+004,  1.9608347e-003,
  2.3500000e+004,  1.9162224e-003,
  2.3625000e+004,  1.8675617e-003,
  2.3750000e+004,  1.7968769e-003,
  2.3875000e+004,  1.7406100e-003,
  2.4000000e+004,  1.7033122e-003,
  2.4125000e+004,  1.6747309e-003,
  2.4250000e+004,  1.6477434e-003,
  2.4375000e+004,  1.5950666e-003,
  2.4500000e+004,  1.5451192e-003,
  2.4625000e+004,  1.4997784e-003,
  2.4750000e+004,  1.4498675e-003,
  2.4875000e+004,  1.4255384e-003,
  2.5000000e+004,  1.4188003e-003,
  2.5125000e+004,  1.3809002e-003,
  2.5250000e+004,  1.3540572e-003,
  2.5375000e+004,  1.3241459e-003,
  2.5500000e+004,  1.2844194e-003,
  2.5625000e+004,  1.2551967e-003,
  2.5750000e+004,  1.2425165e-003,
  2.5875000e+004,  1.2052396e-003,
  2.6000000e+004,  1.1580537e-003,
  2.6125000e+004,  1.1271194e-003,
  2.6250000e+004,  1.1074558e-003,
  2.6375000e+004,  1.0933040e-003,
  2.6500000e+004,  1.0837257e-003,
  2.6625000e+004,  1.0512121e-003,
  2.6750000e+004,  1.0032429e-003,
  2.6875000e+004,  9.8507400e-004,
  2.7000000e+004,  9.7578285e-004,
  2.7125000e+004,  9.4843231e-004,
  2.7250000e+004,  9.2309701e-004,
  2.7375000e+004,  9.0822169e-004,
  2.7500000e+004,  8.8157039e-004,
  2.7625000e+004,  8.5512223e-004,
  2.7750000e+004,  8.2834521e-004,
  2.7875000e+004,  8.0676359e-004,
  2.8000000e+004,  7.9268926e-004,
  2.8125000e+004,  7.8680888e-004,
  2.8250000e+004,  7.7780693e-004,
  2.8375000e+004,  7.5396103e-004,
  2.8500000e+004,  7.3780512e-004,
  2.8625000e+004,  7.2936383e-004,
  2.8750000e+004,  7.0652476e-004,
  2.8875000e+004,  6.8347482e-004,
  2.9000000e+004,  6.7246121e-004,
  2.9125000e+004,  6.6386789e-004,
  2.9250000e+004,  6.5228643e-004,
  2.9375000e+004,  6.3874149e-004,
  2.9500000e+004,  6.2929994e-004,
  2.9625000e+004,  6.1581527e-004,
  2.9750000e+004,  6.0466275e-004,
  2.9875000e+004,  5.9371207e-004,
  3.0000000e+004,  5.8691923e-004,
  3.0125000e+004,  5.7902703e-004,
  3.0250000e+004,  5.6127542e-004,
  3.0375000e+004,  5.5036493e-004,
  3.0500000e+004,  5.3711544e-004,
  3.0625000e+004,  5.1573801e-004,
  3.0750000e+004,  4.9689033e-004,
  3.0875000e+004,  4.8987709e-004,
  3.1000000e+004,  4.8525660e-004,
  3.1125000e+004,  4.9087283e-004,
  3.1250000e+004,  5.1330005e-004,
  3.1375000e+004,  4.9420688e-004,
  3.1500000e+004,  4.5472606e-004,
  3.1625000e+004,  4.4317871e-004,
  3.1750000e+004,  4.3368225e-004,
  3.1875000e+004,  4.2324178e-004,
  3.2000000e+004,  4.1670353e-004,
  3.2125000e+004,  4.0749850e-004,
  3.2250000e+004,  4.0011855e-004,
  3.2375000e+004,  3.9580845e-004,
  3.2500000e+004,  3.8263648e-004,
  3.2625000e+004,  3.7570678e-004,
  3.2750000e+004,  3.7596122e-004,
  3.2875000e+004,  3.7393076e-004,
  3.3000000e+004,  3.6394202e-004,
  3.3125000e+004,  3.5374089e-004,
  3.3250000e+004,  3.5087920e-004,
  3.3375000e+004,  3.4569268e-004,
  3.3500000e+004,  3.4405854e-004,
  3.3625000e+004,  3.4220046e-004,
  3.3750000e+004,  3.3737047e-004,
  3.3875000e+004,  3.2969465e-004,
  3.4000000e+004,  3.1593049e-004,
  3.4125000e+004,  3.0603754e-004,
  3.4250000e+004,  3.0233133e-004,
  3.4375000e+004,  2.9887226e-004,
  3.4500000e+004,  2.9128261e-004,
  3.4625000e+004,  2.8658878e-004,
  3.4750000e+004,  2.8273507e-004,
  3.4875000e+004,  2.8044780e-004,
  3.5000000e+004,  2.7611537e-004,
  3.5125000e+004,  2.6892155e-004,
  3.5250000e+004,  2.6103018e-004,
  3.5375000e+004,  2.5491866e-004,
  3.5500000e+004,  2.5665004e-004,
  3.5625000e+004,  2.5509125e-004,
  3.5750000e+004,  2.4996336e-004,
  3.5875000e+004,  2.4643526e-004,
  3.6000000e+004,  2.4099148e-004,
  3.6125000e+004,  2.3391971e-004,
  3.6250000e+004,  2.2952794e-004,
  3.6375000e+004,  2.2767105e-004,
  3.6500000e+004,  2.2582924e-004,
  3.6625000e+004,  2.2264178e-004,
  3.6750000e+004,  2.2084065e-004,
  3.6875000e+004,  2.2054183e-004,
  3.7000000e+004,  2.1610847e-004,
  3.7125000e+004,  2.0821077e-004,
  3.7250000e+004,  2.0264887e-004,
  3.7375000e+004,  1.9978863e-004,
  3.7500000e+004,  1.9763650e-004,
  3.7625000e+004,  1.9340154e-004,
  3.7750000e+004,  1.9340154e-004,
  3.7875000e+004,  1.9157743e-004,
  3.8000000e+004,  1.8570411e-004,
  3.8125000e+004,  1.8086580e-004,
  3.8250000e+004,  1.7964567e-004,
  3.8375000e+004,  1.7915992e-004,
  3.8500000e+004,  1.7843373e-004,
  3.8625000e+004,  1.7532088e-004,
  3.8750000e+004,  1.7133199e-004,
  3.8875000e+004,  1.6630434e-004,
  3.9000000e+004,  1.6495897e-004,
  3.9125000e+004,  1.6529427e-004,
  3.9250000e+004,  1.6142423e-004,
  3.9375000e+004,  1.5785835e-004,
  3.9500000e+004,  1.5573566e-004,
  3.9625000e+004,  1.5489461e-004,
  3.9750000e+004,  1.5510444e-004,
  3.9875000e+004,  1.5322608e-004,
  4.0000000e+004,  1.5075694e-004,
  4.0125000e+004,  1.4822720e-004,
  4.0250000e+004,  1.4485478e-004,
  4.0375000e+004,  1.4041387e-004,
  4.0500000e+004,  1.3975011e-004,
  4.0625000e+004,  1.3777761e-004,
  4.0750000e+004,  1.3620126e-004,
  4.0875000e+004,  1.3400646e-004,
  4.1000000e+004,  1.3346332e-004,
  4.1125000e+004,  1.3078039e-004,
  4.1250000e+004,  1.2745931e-004,
  4.1375000e+004,  1.2455940e-004,
  4.1500000e+004,  1.2481258e-004,
  4.1625000e+004,  1.2413853e-004,
  4.1750000e+004,  1.2355171e-004,
  4.1875000e+004,  1.2305094e-004,
  4.2000000e+004,  1.2065898e-004,
  4.2125000e+004,  1.1984501e-004,
  4.2250000e+004,  1.1871464e-004,
  4.2375000e+004,  1.1617082e-004,
  4.2500000e+004,  1.1569996e-004,
  4.2625000e+004,  1.1422147e-004,
  4.2750000e+004,  1.1507513e-004,
  4.2875000e+004,  1.1283821e-004,
  4.3000000e+004,  1.0982398e-004,
  4.3125000e+004,  1.0871453e-004,
  4.3250000e+004,  1.0923088e-004,
  4.3375000e+004,  1.0805424e-004,
  4.3500000e+004,  1.0827387e-004,
  4.3625000e+004,  1.0937885e-004,
  4.3750000e+004,  1.0718008e-004,
  4.3875000e+004,  1.0531028e-004,
  4.4000000e+004,  1.0312348e-004,
  4.4125000e+004,  1.0194361e-004,
  4.4250000e+004,  9.9826717e-005,
  4.4375000e+004,  9.7160064e-005,
  4.4500000e+004,  9.6635341e-005,
  4.4625000e+004,  9.5853571e-005,
  4.4750000e+004,  9.7160064e-005,
  4.4875000e+004,  9.7753783e-005,
  4.5000000e+004,  9.5918475e-005,
  4.5125000e+004,  9.2977839e-005,
  4.5250000e+004,  9.3103796e-005,
  4.5375000e+004,  9.3040797e-005,
  4.5500000e+004,  9.2038557e-005,
  4.5625000e+004,  9.1232199e-005,
  4.5750000e+004,  9.1417650e-005,
  4.5875000e+004,  8.9156501e-005,
  4.6000000e+004,  8.6892434e-005,
  4.6125000e+004,  8.5666001e-005,
  4.6250000e+004,  8.5898271e-005,
  4.6375000e+004,  8.5203362e-005,
  4.6500000e+004,  8.4800594e-005,
  4.6625000e+004,  8.4342620e-005,
  4.6750000e+004,  8.5088084e-005,
  4.6875000e+004,  8.7601118e-005,
  4.7000000e+004,  8.6657485e-005,
  4.7125000e+004,  8.3773631e-005,
  4.7250000e+004,  8.2367899e-005,
  4.7375000e+004,  8.2535332e-005,
  4.7500000e+004,  8.2200807e-005,
  4.7625000e+004,  8.1150379e-005,
  4.7750000e+004,  8.0657503e-005,
  4.7875000e+004,  7.8609262e-005,
  4.8000000e+004,  7.6354179e-005,
  4.8125000e+004,  7.9036105e-005,
  4.8250000e+004,  8.4342620e-005,
  4.8375000e+004,  8.2200807e-005,
  4.8500000e+004,  7.7552218e-005,
  4.8625000e+004,  7.5634020e-005,
  4.8750000e+004,  7.5378473e-005,
  4.8875000e+004,  7.6147725e-005,
  4.9000000e+004,  7.5736481e-005,
  4.9125000e+004,  7.5839081e-005,
  4.9250000e+004,  7.4214007e-005,
  4.9375000e+004,  7.5123781e-005,
  4.9500000e+004,  7.5839081e-005,
  4.9625000e+004,  7.4869957e-005,
  4.9750000e+004,  7.3663468e-005,
  4.9875000e+004,  7.3315258e-005,
